   1.2500000000000000e+00   5.0000000000000011e-01
   1.0000000000000002e+00  -1.9999999999999973e-01
   3.5000000000000031e-01  -8.1999999999999984e-01
  -4.3999999999999950e-01  -1.1120000000000001e+00
  -1.0539999999999998e+00  -9.5920000000000027e-01
  -1.2464000000000002e+00  -4.2272000000000043e-01
  -9.4024000000000052e-01   2.8284799999999932e-01
  -2.5798400000000066e-01   8.7527679999999963e-01
   5.2746559999999909e-01   1.1175948800000002e+00
   1.1019289599999995e+00   9.1287500800000065e-01
   1.2356207360000002e+00   3.4300513280000078e-01
   8.7506421760000075e-01  -3.6406679551999921e-01
   1.6448201216000113e-01  -9.2551200563199953e-01
  -6.1189299814399889e-01  -1.1167524134912001e+00
  -1.1435108091903996e+00  -8.6129185595392055e-01
