   5.0000000000000000e-01   1.0000000298023224e+00
  -2.0000003576278758e-01   1.1000000476837162e+00
  -8.2000008583069084e-01   7.6000002503395048e-01
  -1.1120001115798983e+00   1.1599995803832658e-01
  -9.5920008010864344e-01  -5.7440012564659915e-01
  -4.2271998643874514e-01  -1.0350401782989604e+00
   2.8284813746644605e-01  -1.0816641569194856e+00
   8.7527703328554396e-01  -6.9562244920653737e-01
   1.1175951231714045e+00  -3.1331726818138783e-02
   9.1287514869778552e-01   6.4549171872037248e-01
   3.4300508321860285e-01   1.0641184936544699e+00
  -3.6406705089942237e-01   1.0570978657178969e+00
  -9.2551238969347061e-01   6.2723806595621778e-01
  -1.1167527773159955e+00  -5.3516995639782683e-02
  -8.6129203650571273e-01  -7.1286529016485678e-01
