-23.00 0.50  
-23.00 0.51  
-23.00 0.51  
-23.00 0.51  
-23.00 0.51  
-23.00 0.51  
-23.00 0.51  
-23.00 0.51  
-23.00 0.51  
-23.00 0.51  
-23.00 0.51  
-23.00 0.51  
-23.00 0.51  
-23.00 0.51  
-23.00 0.51  
-23.00 0.51  
-23.00 0.51  
-23.00 0.51  
-23.00 0.51  
-22.93 0.51  
-22.86 0.51  
-22.79 0.51  
-22.71 0.51  
-22.64 0.51  
-22.57 0.51  
-22.50 0.51  
-22.43 0.51  
-22.36 0.51  
-22.28 0.51  
-22.21 0.51  
-22.14 0.51  
-22.07 0.51  
-22.00 0.51  
-21.93 0.51  
-21.85 0.51  
-21.78 0.51  
-21.71 0.51  
-21.64 0.51  
-21.57 0.51  
-21.50 0.51  
-21.43 0.51  
-21.35 0.51  
-21.28 0.51  
-21.21 0.51  
-21.14 0.51  
-21.07 0.51  
-21.00 0.51  
-20.92 0.51  
-20.85 0.51  
-20.78 0.51  
-20.71 0.51  
-20.64 0.51  
-20.57 0.51  
-20.49 0.51  
-20.42 0.51  
-20.35 0.51  
-20.28 0.51  
-20.21 0.51  
-20.14 0.51  
-20.07 0.51  
-19.99 0.51  
-19.92 0.51  
-19.85 0.51  
-19.78 0.51  
-19.71 0.51  
-19.64 0.51  
-19.56 0.51  
-19.49 0.51  
-19.42 0.51  
-19.35 0.51  
-19.28 0.51  
-19.21 0.51  
-19.13 0.51  
-19.06 0.51  
-18.99 0.51  
-18.92 0.51  
-18.85 0.51  
-18.78 0.51  
-18.71 0.51  
-18.63 0.51  
-18.56 0.51  
-18.49 0.51  
-18.42 0.51  
-18.35 0.51  
-18.28 0.51  
-18.20 0.51  
-18.13 0.51  
-18.06 0.51  
-17.99 0.51  
-17.92 0.51  
-17.85 0.51  
-17.77 0.51  
-17.70 0.51  
-17.63 0.51  
-17.56 0.51  
-17.49 0.51  
-17.42 0.51  
-17.35 0.51  
-17.27 0.51  
-17.20 0.51  
-17.13 0.51  
-17.06 0.51  
-16.99 0.51  
-16.92 0.51  
-16.84 0.51  
-16.77 0.51  
-16.70 0.51  
-16.63 0.51  
-16.56 0.51  
-16.49 0.51  
-16.41 0.51  
-16.34 0.51  
-16.27 0.51  
-16.20 0.51  
-16.13 0.51  
-16.06 0.51  
-15.99 0.51  
-15.91 0.51  
-15.84 0.51  
-15.77 0.51  
-15.70 0.51  
-15.63 0.51  
-15.56 0.51  
-15.48 0.51  
-15.41 0.51  
-15.34 0.51  
-15.27 0.51  
-15.20 0.51  
-15.13 0.51  
-15.05 0.51  
-14.98 0.51  
-14.91 0.51  
-14.84 0.51  
-14.77 0.51  
-14.70 0.51  
-14.63 0.51  
-14.55 0.51  
-14.48 0.51  
-14.41 0.51  
-14.34 0.51  
-14.27 0.51  
-14.20 0.51  
-14.12 0.51  
-14.05 0.51  
-13.98 0.51  
-13.91 0.51  
-13.84 0.51  
-13.77 0.51  
-13.70 0.51  
-13.62 0.51  
-13.55 0.51  
-13.48 0.51  
-13.41 0.51  
-13.34 0.51  
-13.27 0.51  
-13.19 0.51  
-13.12 0.51  
-13.05 0.51  
-12.98 0.51  
-12.91 0.51  
-12.84 0.51  
-12.76 0.51  
-12.69 0.51  
-12.62 0.51  
-12.55 0.51  
-12.48 0.51  
-12.41 0.51  
-12.34 0.51  
-12.26 0.51  
-12.19 0.51  
-12.12 0.51  
-12.05 0.51  
-11.98 0.51  
-11.91 0.51  
-11.83 0.51  
-11.76 0.51  
-11.69 0.51  
-11.62 0.51  
-11.55 0.51  
-11.48 0.51  
-11.40 0.51  
-11.33 0.51  
-11.26 0.51  
-11.19 0.51  
-11.12 0.51  
-11.05 0.51  
-10.98 0.51  
-10.90 0.51  
-10.83 0.51  
-10.76 0.51  
-10.69 0.51  
-10.62 0.51  
-10.55 0.51  
-10.47 0.51  
-10.40 0.51  
-10.33 0.51  
-10.26 0.51  
-10.19 0.51  
-10.12 0.51  
-10.04 0.51  
-9.97 0.51  
-9.90 0.51  
-9.83 0.51  
-9.76 0.51  
-9.69 0.51  
-9.62 0.51  
-9.54 0.51  
-9.47 0.51  
-9.40 0.51  
-9.33 0.51  
-9.26 0.51  
-9.19 0.51  
-9.11 0.51  
-9.04 0.51  
-8.97 0.51  
-8.90 0.51  
-8.83 0.51  
-8.76 0.51  
-8.68 0.51  
-8.61 0.51  
-8.54 0.51  
-8.47 0.51  
-8.40 0.51  
-8.33 0.51  
-8.26 0.51  
-8.18 0.51  
-8.11 0.51  
-8.04 0.51  
-7.97 0.51  
-7.90 0.51  
-7.83 0.51  
-7.75 0.51  
-7.68 0.51  
-7.61 0.51  
-7.54 0.51  
-7.47 0.51  
-7.40 0.51  
-7.32 0.51  
-7.25 0.51  
-7.18 0.51  
-7.11 0.51  
-7.04 0.51  
-6.97 0.51  
-6.90 0.51  
-6.82 0.51  
-6.75 0.51  
-6.68 0.51  
-6.61 0.51  
-6.54 0.51  
-6.47 0.51  
-6.39 0.51  
-6.32 0.51  
-6.25 0.51  
-6.18 0.51  
-6.11 0.51  
-6.04 0.51  
-5.96 0.51  
-5.89 0.51  
-5.82 0.51  
-5.75 0.51  
-5.68 0.51  
-5.61 0.51  
-5.54 0.51  
-5.46 0.51  
-5.39 0.51  
-5.32 0.51  
-5.25 0.51  
-5.18 0.51  
-5.11 0.51  
-5.03 0.51  
-4.96 0.51  
-4.89 0.51  
-4.82 0.51  
-4.75 0.51  
-4.68 0.51  
-4.60 0.51  
-4.53 0.51  
-4.46 0.51  
-4.39 0.51  
-4.32 0.51  
-4.25 0.51  
-4.18 0.51  
-4.10 0.51  
-4.03 0.51  
-3.96 0.51  
-3.89 0.51  
-3.82 0.51  
-3.75 0.51  
-3.67 0.51  
-3.60 0.51  
-3.53 0.51  
-3.46 0.51  
-3.39 0.51  
-3.32 0.51  
-3.24 0.51  
-3.17 0.51  
-3.10 0.51  
-3.03 0.51  
-2.96 0.51  
-2.89 0.51  
-2.82 0.51  
-2.74 0.51  
-2.67 0.51  
-2.60 0.51  
-2.53 0.51  
-2.46 0.51  
-2.39 0.51  
-2.31 0.51  
-2.24 0.51  
-2.17 0.51  
-2.10 0.51  
-2.03 0.51  
-1.96 0.51  
-1.88 0.51  
-1.81 0.51  
-1.74 0.51  
-1.67 0.51  
-1.60 0.51  
-1.53 0.51  
-1.46 0.51  
-1.38 0.51  
-1.31 0.51  
-1.24 0.51  
-1.17 0.51  
-1.10 0.51  
-1.03 0.51  
-0.95 0.51  
-0.88 0.51  
-0.81 0.51  
-0.74 0.51  
-0.67 0.51  
-0.60 0.51  
-0.52 0.51  
-0.45 0.51  
-0.38 0.51  
-0.31 0.51  
-0.24 0.51  
-0.17 0.51  
-0.10 0.51  
-0.02 0.51  
0.05 0.51  
0.12 0.51  
0.19 0.51  
0.26 0.51  
0.33 0.51  
0.41 0.51  
0.48 0.51  
0.55 0.51  
0.62 0.51  
0.69 0.51  
0.76 0.51  
0.83 0.51  
0.91 0.51  
0.98 0.51  
1.05 0.51  
1.12 0.51  
1.19 0.51  
1.26 0.51  
1.34 0.51  
1.41 0.51  
1.48 0.51  
1.55 0.51  
1.62 0.51  
1.69 0.51  
1.77 0.51  
1.84 0.51  
1.91 0.51  
1.98 0.51  
2.05 0.51  
2.12 0.51  
2.19 0.51  
2.27 0.51  
2.34 0.51  
2.41 0.51  
2.48 0.51  
2.55 0.51  
2.62 0.51  
2.70 0.51  
2.77 0.51  
2.84 0.51  
2.91 0.51  
2.98 0.51  
3.05 0.51  
3.13 0.51  
3.20 0.51  
3.27 0.51  
3.34 0.51  
3.41 0.51  
3.48 0.51  
3.55 0.51  
3.63 0.51  
3.70 0.51  
3.77 0.51  
3.84 0.51  
3.91 0.51  
3.98 0.51  
4.06 0.51  
4.13 0.51  
4.20 0.51  
4.27 0.51  
4.34 0.51  
4.41 0.51  
4.49 0.51  
4.56 0.51  
4.63 0.51  
4.70 0.51  
4.77 0.51  
4.84 0.51  
4.91 0.51  
4.99 0.51  
5.06 0.51  
5.13 0.51  
5.20 0.51  
5.27 0.51  
5.34 0.51  
5.42 0.51  
5.49 0.51  
5.56 0.51  
5.63 0.51  
5.70 0.51  
5.77 0.51  
5.85 0.51  
5.92 0.51  
5.99 0.51  
6.06 0.51  
6.13 0.51  
6.20 0.51  
6.27 0.51  
6.35 0.51  
6.42 0.51  
6.49 0.51  
6.56 0.51  
6.63 0.51  
6.70 0.51  
6.78 0.51  
6.85 0.51  
6.92 0.51  
6.99 0.51  
7.06 0.51  
7.13 0.51  
7.21 0.51  
7.28 0.51  
7.35 0.51  
7.42 0.51  
7.49 0.51  
7.56 0.51  
7.63 0.51  
7.71 0.51  
7.78 0.51  
7.85 0.51  
7.92 0.51  
7.99 0.51  
8.06 0.51  
8.14 0.51  
8.21 0.51  
8.28 0.51  
8.35 0.51  
8.42 0.51  
8.49 0.51  
8.57 0.51  
8.64 0.51  
8.71 0.51  
8.78 0.51  
8.85 0.51  
8.92 0.51  
8.99 0.51  
9.07 0.51  
9.14 0.51  
9.21 0.51  
9.28 0.51  
9.35 0.51  
9.42 0.51  
9.50 0.51  
9.57 0.51  
9.64 0.51  
9.71 0.51  
9.78 0.51  
9.85 0.51  
9.93 0.51  
10.00 0.51  
10.07 0.51  
10.14 0.51  
10.21 0.51  
10.28 0.51  
10.35 0.51  
10.43 0.51  
10.50 0.51  
10.57 0.51  
10.64 0.51  
10.71 0.51  
10.78 0.51  
10.86 0.51  
10.93 0.51  
11.00 0.51  
11.07 0.51  
11.14 0.51  
11.21 0.51  
11.29 0.51  
11.36 0.51  
11.43 0.51  
11.50 0.51  
11.57 0.51  
11.64 0.51  
11.71 0.51  
11.79 0.51  
11.86 0.51  
11.93 0.51  
12.00 0.51  
12.07 0.51  
12.14 0.51  
12.22 0.51  
12.29 0.51  
12.36 0.51  
12.43 0.51  
12.50 0.51  
12.57 0.51  
12.65 0.51  
12.72 0.51  
12.79 0.51  
12.86 0.51  
12.93 0.51  
13.00 0.51  
13.07 0.51  
13.15 0.51  
13.22 0.51  
13.29 0.51  
13.36 0.51  
13.43 0.51  
13.50 0.51  
13.58 0.51  
13.65 0.51  
13.72 0.51  
13.79 0.51  
13.86 0.51  
13.93 0.51  
14.01 0.51  
14.08 0.51  
14.15 0.51  
14.22 0.51  
14.29 0.51  
14.36 0.51  
14.43 0.51  
14.51 0.51  
14.58 0.51  
14.65 0.51  
14.72 0.51  
14.79 0.51  
14.86 0.51  
14.94 0.51  
15.01 0.51  
15.08 0.51  
15.15 0.51  
15.22 0.51  
15.29 0.51  
15.36 0.51  
15.44 0.51  
15.51 0.51  
15.58 0.51  
15.65 0.51  
15.72 0.51  
15.79 0.51  
15.87 0.51  
15.94 0.51  
16.01 0.51  
16.08 0.51  
16.15 0.51  
16.22 0.51  
16.30 0.51  
16.37 0.51  
16.44 0.51  
16.51 0.51  
16.58 0.51  
16.65 0.51  
16.72 0.51  
16.80 0.51  
16.87 0.51  
16.94 0.51  
17.01 0.51  
17.08 0.51  
17.15 0.51  
17.23 0.51  
17.30 0.51  
17.37 0.51  
17.44 0.51  
17.51 0.51  
17.58 0.51  
17.66 0.51  
17.73 0.51  
17.80 0.51  
17.87 0.51  
17.94 0.51  
18.01 0.51  
18.08 0.51  
18.16 0.51  
18.23 0.51  
18.30 0.51  
18.37 0.51  
18.44 0.51  
18.51 0.51  
18.59 0.51  
18.66 0.51  
18.73 0.51  
18.80 0.51  
18.87 0.51  
18.94 0.51  
19.02 0.51  
19.09 0.51  
19.16 0.51  
19.23 0.51  
19.30 0.51  
19.37 0.51  
19.44 0.51  
19.52 0.51  
19.59 0.51  
19.66 0.51  
19.73 0.51  
19.80 0.51  
19.87 0.51  
19.95 0.51  
20.02 0.51  
20.09 0.51  
20.16 0.51  
20.23 0.51  
20.30 0.51  
20.38 0.51  
20.45 0.51  
20.52 0.51  
20.59 0.51  
20.66 0.51  
20.73 0.51  
20.80 0.51  
20.88 0.51  
20.95 0.51  
21.02 0.51  
21.09 0.51  
21.16 0.51  
21.23 0.51  
21.31 0.51  
21.38 0.51  
21.45 0.51  
21.52 0.51  
21.59 0.51  
21.66 0.51  
21.74 0.51  
21.81 0.51  
21.88 0.51  
21.95 0.51  
22.02 0.51  
22.09 0.51  
22.16 0.51  
22.24 0.51  
22.31 0.51  
22.38 0.51  
22.45 0.51  
22.52 0.51  
22.59 0.51  
22.67 0.51  
22.74 0.51  
22.81 0.51  
22.88 0.51  
22.95 0.51  
23.02 0.51  
23.10 0.51  
23.17 0.51  
23.24 0.51  
23.31 0.51  
23.38 0.51  
23.45 0.51  
23.52 0.51  
23.60 0.51  
23.67 0.51  
23.74 0.51  
23.81 0.51  
23.88 0.51  
23.95 0.51  
24.03 0.51  
24.10 0.51  
