0.00 
0.00 
0.00 
0.00 
0.00 
0.00 
0.00 
0.00 
0.00 
0.00 
0.00 
0.00 
0.00 
0.00 
0.00 
0.00 
0.00 
0.00 
0.00 
0.00 
0.00 
0.00 
0.00 
0.00 
0.00 
0.00 
0.00 
0.00 
0.00 
0.00 
0.00 
0.00 
0.00 
0.00 
0.00 
0.00 
0.00 
0.00 
0.00 
0.00 
0.00 
0.00 
0.00 
0.00 
0.00 
0.00 
0.00 
0.00 
0.00 
0.00 
0.00 
0.00 
0.00 
0.00 
0.00 
0.00 
0.00 
0.00 
0.00 
0.00 
0.00 
0.00 
0.04 
0.21 
0.47 
0.85 
1.24 
1.66 
2.12 
2.61 
3.10 
3.59 
4.06 
4.45 
4.79 
5.18 
5.58 
5.97 
6.34 
6.65 
6.98 
7.38 
7.84 
8.36 
8.83 
9.26 
9.68 
10.09 
10.51 
10.96 
11.36 
11.72 
12.13 
12.59 
13.06 
13.50 
13.88 
14.21 
14.59 
15.03 
15.43 
15.76 
16.01 
16.18 
16.33 
16.48 
16.66 
16.82 
16.95 
17.05 
17.15 
17.25 
17.32 
17.38 
17.42 
17.48 
17.55 
17.60 
17.66 
17.75 
17.84 
17.92 
18.00 
18.07 
18.13 
18.20 
18.25 
18.31 
18.36 
18.40 
18.44 
18.47 
18.50 
18.53 
18.55 
18.57 
18.58 
18.58 
18.59 
18.58 
18.58 
18.57 
18.55 
18.53 
18.51 
18.48 
18.44 
18.40 
18.36 
18.31 
18.26 
18.20 
18.14 
18.07 
18.00 
17.93 
17.85 
17.77 
17.68 
17.58 
17.49 
17.39 
17.28 
17.17 
17.06 
16.94 
16.81 
16.69 
16.56 
16.42 
16.28 
16.14 
15.99 
15.84 
15.69 
15.53 
15.36 
15.20 
15.03 
14.85 
14.67 
14.49 
14.31 
14.12 
13.92 
13.73 
13.53 
13.33 
13.12 
12.91 
12.70 
12.48 
12.26 
12.04 
11.82 
11.59 
11.36 
11.13 
10.89 
10.65 
10.41 
10.16 
9.92 
9.67 
9.41 
9.16 
8.90 
8.65 
8.38 
8.12 
7.86 
7.59 
7.32 
7.05 
6.78 
6.50 
6.23 
5.95 
5.67 
5.39 
5.11 
4.82 
4.54 
4.25 
3.97 
3.68 
3.39 
3.10 
2.81 
2.52 
2.23 
1.94 
1.65 
1.35 
1.06 
0.77 
0.47 
0.18 
-0.11 
-0.41 
-0.70 
-0.99 
-1.29 
-1.58 
-1.87 
-2.17 
-2.46 
-2.75 
-3.04 
-3.33 
-3.62 
-3.90 
-4.19 
-4.48 
-4.76 
-5.04 
-5.33 
-5.61 
-5.88 
-6.16 
-6.44 
-6.71 
-6.99 
-7.26 
-7.53 
-7.79 
-8.06 
-8.32 
-8.58 
-8.84 
-9.10 
-9.35 
-9.61 
-9.86 
-10.10 
-10.35 
-10.59 
-10.83 
-11.07 
-11.30 
-11.53 
-11.76 
-11.99 
-12.21 
-12.43 
-12.64 
-12.86 
-13.07 
-13.27 
-13.48 
-13.68 
-13.87 
-14.07 
-14.26 
-14.44 
-14.62 
-14.80 
-14.98 
-15.15 
-15.32 
-15.48 
-15.64 
-15.79 
-15.95 
-16.09 
-16.24 
-16.38 
-16.51 
-16.65 
-16.77 
-16.90 
-17.02 
-17.13 
-17.24 
-17.35 
-17.45 
-17.55 
-17.64 
-17.73 
-17.82 
-17.90 
-17.97 
-18.04 
-18.11 
-18.17 
-18.23 
-18.28 
-18.33 
-18.38 
-18.42 
-18.45 
-18.48 
-18.51 
-18.53 
-18.55 
-18.56 
-18.57 
-18.57 
-18.57 
-18.56 
-18.55 
-18.53 
-18.51 
-18.49 
-18.46 
-18.43 
-18.39 
-18.35 
-18.30 
-18.25 
-18.19 
-18.13 
-18.06 
-17.99 
-17.92 
-17.84 
-17.76 
-17.67 
-17.58 
-17.48 
-17.38 
-17.27 
-17.17 
-17.05 
-16.93 
-16.81 
-16.68 
-16.55 
-16.42 
-16.28 
-16.14 
-15.99 
-15.84 
-15.69 
-15.53 
-15.37 
-15.20 
-15.03 
-14.85 
-14.68 
-14.50 
-14.31 
-14.12 
-13.93 
-13.74 
-13.54 
-13.33 
-13.13 
-12.92 
-12.71 
-12.49 
-12.27 
-12.05 
-11.83 
-11.60 
-11.37 
-11.14 
-10.90 
-10.66 
-10.42 
-10.18 
-9.93 
-9.68 
-9.43 
-9.18 
-8.92 
-8.66 
-8.40 
-8.14 
-7.88 
-7.61 
-7.34 
-7.07 
-6.80 
-6.52 
-6.25 
-5.97 
-5.69 
-5.41 
-5.13 
-4.85 
-4.56 
-4.28 
-3.99 
-3.71 
-3.42 
-3.13 
-2.84 
-2.55 
-2.26 
-1.97 
-1.67 
-1.38 
-1.09 
-0.80 
-0.50 
-0.21 
0.08 
0.38 
0.67 
0.96 
1.26 
1.55 
1.84 
2.13 
2.42 
2.72 
3.01 
3.29 
3.58 
3.87 
4.16 
4.44 
4.73 
5.01 
5.29 
5.57 
5.85 
6.13 
6.40 
6.68 
6.95 
7.22 
7.49 
7.76 
8.02 
8.29 
8.55 
8.81 
9.06 
9.32 
9.57 
9.82 
10.07 
10.31 
10.56 
10.80 
11.03 
11.27 
11.50 
11.73 
11.95 
12.17 
12.39 
12.61 
12.82 
13.03 
13.24 
13.44 
13.64 
13.84 
14.03 
14.22 
14.41 
14.59 
14.77 
14.94 
15.12 
15.28 
15.45 
15.61 
15.76 
15.92 
16.06 
16.21 
16.35 
16.48 
16.62 
16.74 
16.87 
16.99 
17.10 
17.21 
17.32 
17.42 
17.52 
17.62 
17.70 
17.79 
17.87 
17.95 
18.02 
18.09 
18.15 
18.21 
18.26 
18.31 
18.35 
18.39 
18.43 
18.46 
18.49 
18.51 
18.53 
18.54 
18.55 
18.55 
18.55 
18.54 
18.53 
18.52 
18.50 
18.47 
18.45 
18.41 
18.37 
18.33 
18.29 
18.23 
18.18 
18.12 
18.05 
17.98 
17.91 
17.83 
17.75 
17.66 
17.57 
17.47 
17.37 
17.27 
17.16 
17.05 
16.93 
16.81 
16.68 
16.55 
16.42 
16.28 
16.14 
15.99 
15.84 
15.69 
15.53 
15.37 
15.20 
15.03 
14.86 
14.68 
14.50 
14.32 
14.13 
13.94 
13.74 
13.54 
13.34 
13.14 
12.93 
12.72 
12.50 
12.28 
12.06 
11.84 
11.61 
11.38 
11.15 
10.92 
10.68 
10.44 
10.19 
9.95 
9.70 
9.45 
9.19 
8.94 
8.68 
8.42 
8.16 
7.89 
7.63 
7.36 
7.09 
6.82 
6.54 
6.27 
5.99 
5.71 
5.44 
5.15 
4.87 
4.59 
4.30 
4.02 
3.73 
3.44 
3.16 
2.87 
2.58 
2.29 
1.99 
1.70 
1.41 
1.12 
0.82 
0.53 
0.24 
-0.05 
-0.35 
-0.64 
-0.93 
-1.23 
-1.52 
-1.81 
-2.10 
-2.39 
-2.68 
-2.97 
-3.26 
-3.55 
-3.84 
-4.12 
-4.41 
-4.69 
-4.98 
-5.26 
-5.54 
-5.82 
-6.09 
-6.37 
-6.65 
-6.92 
-7.19 
-7.46 
-7.72 
-7.99 
-8.25 
-8.51 
-8.77 
-9.03 
-9.28 
-9.54 
-9.79 
-10.03 
-10.28 
-10.52 
-10.76 
-11.00 
-11.23 
-11.46 
-11.69 
-11.92 
-12.14 
-12.36 
-12.58 
-12.79 
-13.00 
-13.21 
-13.41 
-13.61 
-13.81 
-14.00 
-14.19 
-14.38 
-14.56 
-14.74 
-14.91 
-15.08 
-15.25 
-15.42 
-15.58 
-15.73 
-15.89 
-16.03 
-16.18 
-16.32 
-16.46 
-16.59 
-16.72 
-16.84 
-16.96 
-17.08 
-17.19 
-17.29 
-17.40 
-17.49 
-17.59 
-17.68 
-17.76 
-17.85 
-17.92 
-17.99 
-18.06 
-18.12 
-18.18 
-18.24 
-18.29 
-18.33 
-18.37 
-18.41 
-18.44 
-18.47 
-18.49 
-18.51 
-18.52 
-18.53 
-18.53 
-18.53 
-18.53 
-18.52 
-18.50 
-18.48 
-18.46 
-18.43 
-18.40 
-18.36 
-18.32 
-18.27 
-18.22 
-18.17 
-18.11 
-18.04 
-17.97 
-17.90 
-17.82 
-17.74 
-17.65 
-17.56 
-17.47 
-17.37 
-17.26 
-17.15 
-17.04 
-16.92 
-16.80 
-16.68 
-16.55 
-16.41 
-16.28 
-16.14 
-15.99 
-15.84 
-15.69 
-15.53 
-15.37 
-15.20 
-15.03 
-14.86 
-14.68 
-14.50 
-14.32 
-14.13 
-13.94 
-13.75 
-13.55 
-13.35 
-13.14 
-12.94 
-12.73 
-12.51 
-12.29 
-12.07 
-11.85 
-11.62 
-11.39 
-11.16 
-10.93 
-10.69 
-10.45 
-10.21 
-9.96 
-9.71 
-9.46 
-9.21 
-8.95 
-8.70 
-8.44 
-8.18 
-7.91 
-7.65 
-7.38 
-7.11 
-6.84 
-6.57 
-6.29 
-6.01 
-5.74 
-5.46 
-5.18 
-4.89 
-4.61 
-4.33 
-4.04 
-3.76 
-3.47 
-3.18 
-2.89 
-2.60 
-2.31 
-2.02 
-1.73 
-1.44 
-1.14 
-0.85 
-0.56 
-0.27 
0.03 
0.32 
0.61 
0.90 
1.20 
1.49 
1.78 
2.07 
2.36 
2.65 
2.94 
3.23 
3.52 
3.81 
4.09 
4.38 
4.66 
4.94 
5.23 
5.51 
5.78 
6.06 
6.34 
6.61 
6.88 
7.16 
7.42 
7.69 
7.96 
8.22 
8.48 
8.74 
9.00 
9.25 
9.50 
9.75 
10.00 
10.25 
10.49 
10.73 
10.96 
11.20 
11.43 
11.66 
11.88 
12.11 
12.33 
12.54 
12.76 
12.97 
13.17 
13.38 
13.58 
13.77 
13.97 
14.16 
14.34 
14.53 
14.71 
14.88 
15.05 
15.22 
15.39 
15.55 
15.70 
15.86 
16.00 
16.15 
16.29 
16.43 
16.56 
16.69 
16.81 
16.93 
17.05 
17.16 
17.27 
17.37 
17.47 
17.56 
17.65 
17.74 
17.82 
17.90 
17.97 
18.04 
18.10 
18.16 
18.21 
18.26 
18.31 
18.35 
18.39 
18.42 
18.45 
18.47 
18.49 
18.50 
18.51 
18.51 
18.51 
18.51 
18.50 
18.49 
18.47 
18.44 
18.42 
18.38 
18.35 
18.31 
18.26 
18.21 
18.15 
18.09 
18.03 
17.96 
17.89 
17.81 
17.73 
17.64 
17.55 
17.46 
17.36 
17.26 
17.15 
17.04 
16.92 
16.80 
16.67 
16.54 
16.41 
16.27 
16.13 
15.99 
15.84 
15.69 
15.53 
15.37 
15.20 
15.03 
14.86 
14.69 
14.51 
14.32 
14.14 
13.95 
13.75 
13.56 
13.36 
13.15 
12.94 
12.73 
12.52 
12.30 
12.08 
11.86 
11.63 
11.41 
11.17 
10.94 
10.70 
10.46 
10.22 
9.97 
9.73 
9.48 
9.22 
8.97 
8.71 
8.45 
8.19 
7.93 
7.66 
7.40 
7.13 
6.86 
6.58 
6.31 
6.03 
5.76 
5.48 
5.20 
4.92 
4.63 
4.35 
4.07 
3.78 
3.49 
3.20 
2.92 
2.63 
2.34 
2.05 
1.75 
1.46 
1.17 
0.88 
0.59 
0.29 
0.00 
-0.29 
-0.58 
-0.88 
-1.17 
-1.46 
-1.75 
-2.04 
-2.33 
-2.62 
-2.91 
-3.20 
-3.49 
-3.78 
-4.06 
-4.35 
-4.63 
-4.91 
-5.19 
-5.47 
-5.75 
-6.03 
-6.31 
-6.58 
-6.85 
-7.12 
-7.39 
-7.66 
-7.92 
-8.19 
-8.45 
-8.71 
-8.96 
-9.22 
-9.47 
-9.72 
-9.97 
-10.21 
-10.45 
-10.69 
-10.93 
-11.17 
-11.40 
-11.63 
-11.85 
-12.07 
-12.29 
-12.51 
-12.72 
-12.93 
-13.14 
-13.34 
-13.55 
-13.74 
-13.94 
-14.13 
-14.31 
-14.50 
-14.68 
-14.85 
-15.02 
-15.19 
-15.36 
-15.52 
-15.67 
-15.83 
-15.97 
-16.12 
-16.26 
-16.40 
-16.53 
-16.66 
-16.78 
-16.90 
-17.02 
-17.13 
-17.24 
-17.34 
-17.44 
-17.54 
-17.63 
-17.71 
-17.80 
-17.87 
-17.95 
-18.01 
-18.08 
-18.14 
-18.19 
-18.24 
-18.29 
-18.33 
-18.37 
-18.40 
-18.43 
-18.45 
-18.47 
-18.48 
-18.49 
-18.50 
-18.50 
-18.49 
-18.48 
-18.47 
-18.45 
-18.43 
-18.40 
-18.37 
-18.33 
-18.29 
-18.25 
-18.20 
-18.14 
-18.08 
-18.02 
-17.95 
-17.88 
-17.80 
-17.72 
-17.63 
-17.54 
-17.45 
-17.35 
-17.25 
-17.14 
-17.03 
-16.91 
-16.79 
-16.67 
-16.54 
-16.41 
-16.27 
-16.13 
-15.99 
-15.84 
-15.68 
-15.53 
-15.37 
-15.20 
-15.04 
-14.86 
-14.69 
-14.51 
-14.33 
-14.14 
-13.95 
-13.76 
-13.56 
-13.36 
-13.16 
-12.95 
-12.74 
