         0.0000         0.5000
         0.0100         0.1339
         0.0200        -0.0539
         0.0300        -0.0384
         0.0400         0.0563
         0.0500         0.0990
         0.0600         0.0699
         0.0700         0.0389
         0.0800         0.0580
         0.0900         0.1039
         0.1000         0.1246
         0.1100         0.1108
         0.1200         0.0997
         0.1300         0.1190
         0.1400         0.1520
         0.1500         0.1658
         0.1600         0.1576
         0.1700         0.1547
         0.1800         0.1741
         0.1900         0.2008
         0.2000         0.2111
         0.2100         0.2060
         0.2200         0.2076
         0.2300         0.2271
         0.2400         0.2500
         0.2500         0.2581
         0.2600         0.2550
         0.2700         0.2597
         0.2800         0.2792
         0.2900         0.2993
         0.3000         0.3059
         0.3100         0.3043
         0.3200         0.3113
         0.3300         0.3307
         0.3400         0.3488
         0.3500         0.3541
         0.3600         0.3537
         0.3700         0.3626
         0.3800         0.3820
         0.3900         0.3984
         0.4000         0.4026
         0.4100         0.4032
         0.4200         0.4137
         0.4300         0.4332
         0.4400         0.4480
         0.4500         0.4513
         0.4600         0.4528
         0.4700         0.4647
         0.4800         0.4842
         0.4900         0.4976
         0.5000         0.5000
         0.5100         0.5024
         0.5200         0.5158
         0.5300         0.5353
         0.5400         0.5472
         0.5500         0.5487
         0.5600         0.5520
         0.5700         0.5668
         0.5800         0.5863
         0.5900         0.5968
         0.6000         0.5974
         0.6100         0.6016
         0.6200         0.6180
         0.6300         0.6374
         0.6400         0.6463
         0.6500         0.6459
         0.6600         0.6512
         0.6700         0.6693
         0.6800         0.6887
         0.6900         0.6957
         0.7000         0.6941
         0.7100         0.7007
         0.7200         0.7208
         0.7300         0.7403
         0.7400         0.7450
         0.7500         0.7419
         0.7600         0.7500
         0.7700         0.7729
         0.7800         0.7924
         0.7900         0.7940
         0.8000         0.7889
         0.8100         0.7992
         0.8200         0.8259
         0.8300         0.8453
         0.8400         0.8424
         0.8500         0.8342
         0.8600         0.8480
         0.8700         0.8810
         0.8800         0.9003
         0.8900         0.8892
         0.9000         0.8754
         0.9100         0.8961
         0.9200         0.9420
         0.9300         0.9611
         0.9400         0.9301
         0.9500         0.9010
         0.9600         0.9437
         0.9700         1.0384
         0.9800         1.0539
         0.9900         0.8661
         1.0000         0.5000
         1.0100         0.1339
         1.0200        -0.0539
         1.0300        -0.0384
         1.0400         0.0563
         1.0500         0.0990
         1.0600         0.0699
         1.0700         0.0389
         1.0800         0.0580
         1.0900         0.1039
         1.1000         0.1246
         1.1100         0.1108
         1.1200         0.0997
         1.1300         0.1190
         1.1400         0.1520
         1.1500         0.1658
         1.1600         0.1576
         1.1700         0.1547
         1.1800         0.1741
         1.1900         0.2008
         1.2000         0.2111
         1.2100         0.2060
         1.2200         0.2076
         1.2300         0.2271
         1.2400         0.2500
         1.2500         0.2581
         1.2600         0.2550
         1.2700         0.2597
         1.2800         0.2792
         1.2900         0.2993
         1.3000         0.3059
         1.3100         0.3043
         1.3200         0.3113
         1.3300         0.3307
         1.3400         0.3488
         1.3500         0.3541
         1.3600         0.3537
         1.3700         0.3626
         1.3800         0.3820
         1.3900         0.3984
         1.4000         0.4026
         1.4100         0.4032
         1.4200         0.4137
         1.4300         0.4332
         1.4400         0.4480
         1.4500         0.4513
         1.4600         0.4528
         1.4700         0.4647
         1.4800         0.4842
         1.4900         0.4976
         1.5000         0.5000
         1.5100         0.5024
         1.5200         0.5158
         1.5300         0.5353
         1.5400         0.5472
         1.5500         0.5487
         1.5600         0.5520
         1.5700         0.5668
         1.5800         0.5863
         1.5900         0.5968
         1.6000         0.5974
         1.6100         0.6016
         1.6200         0.6180
         1.6300         0.6374
         1.6400         0.6463
         1.6500         0.6459
         1.6600         0.6512
         1.6700         0.6693
         1.6800         0.6887
         1.6900         0.6957
         1.7000         0.6941
         1.7100         0.7007
         1.7200         0.7208
         1.7300         0.7403
         1.7400         0.7450
         1.7500         0.7419
         1.7600         0.7500
         1.7700         0.7729
         1.7800         0.7924
         1.7900         0.7940
         1.8000         0.7889
         1.8100         0.7992
         1.8200         0.8259
         1.8300         0.8453
         1.8400         0.8424
         1.8500         0.8342
         1.8600         0.8480
         1.8700         0.8810
         1.8800         0.9003
         1.8900         0.8892
         1.9000         0.8754
         1.9100         0.8961
         1.9200         0.9420
         1.9300         0.9611
         1.9400         0.9301
         1.9500         0.9010
         1.9600         0.9437
         1.9700         1.0384
         1.9800         1.0539
         1.9900         0.8661
         2.0000         0.5000
         2.0100         0.1339
         2.0200        -0.0539
         2.0300        -0.0384
         2.0400         0.0563
         2.0500         0.0990
         2.0600         0.0699
         2.0700         0.0389
         2.0800         0.0580
         2.0900         0.1039
         2.1000         0.1246
         2.1100         0.1108
         2.1200         0.0997
         2.1300         0.1190
         2.1400         0.1520
         2.1500         0.1658
         2.1600         0.1576
         2.1700         0.1547
         2.1800         0.1741
         2.1900         0.2008
         2.2000         0.2111
         2.2100         0.2060
         2.2200         0.2076
         2.2300         0.2271
         2.2400         0.2500
         2.2500         0.2581
         2.2600         0.2550
         2.2700         0.2597
         2.2800         0.2792
         2.2900         0.2993
         2.3000         0.3059
         2.3100         0.3043
         2.3200         0.3113
         2.3300         0.3307
         2.3400         0.3488
         2.3500         0.3541
         2.3600         0.3537
         2.3700         0.3626
         2.3800         0.3820
         2.3900         0.3984
         2.4000         0.4026
         2.4100         0.4032
         2.4200         0.4137
         2.4300         0.4332
         2.4400         0.4480
         2.4500         0.4513
         2.4600         0.4528
         2.4700         0.4647
         2.4800         0.4842
         2.4900         0.4976
         2.5000         0.5000
         2.5100         0.5024
         2.5200         0.5158
         2.5300         0.5353
         2.5400         0.5472
         2.5500         0.5487
         2.5600         0.5520
         2.5700         0.5668
         2.5800         0.5863
         2.5900         0.5968
         2.6000         0.5974
         2.6100         0.6016
         2.6200         0.6180
         2.6300         0.6374
         2.6400         0.6463
         2.6500         0.6459
         2.6600         0.6512
         2.6700         0.6693
         2.6800         0.6887
         2.6900         0.6957
         2.7000         0.6941
         2.7100         0.7007
         2.7200         0.7208
         2.7300         0.7403
         2.7400         0.7450
         2.7500         0.7419
         2.7600         0.7500
         2.7700         0.7729
         2.7800         0.7924
         2.7900         0.7940
         2.8000         0.7889
         2.8100         0.7992
         2.8200         0.8259
         2.8300         0.8453
         2.8400         0.8424
         2.8500         0.8342
         2.8600         0.8480
         2.8700         0.8810
         2.8800         0.9003
         2.8900         0.8892
         2.9000         0.8754
         2.9100         0.8961
         2.9200         0.9420
         2.9300         0.9611
         2.9400         0.9301
         2.9500         0.9010
         2.9600         0.9437
         2.9700         1.0384
         2.9800         1.0539
         2.9900         0.8661
         3.0000         0.5000
         3.0100         0.1339
         3.0200        -0.0539
         3.0300        -0.0384
         3.0400         0.0563
         3.0500         0.0990
         3.0600         0.0699
         3.0700         0.0389
         3.0800         0.0580
         3.0900         0.1039
         3.1000         0.1246
         3.1100         0.1108
         3.1200         0.0997
         3.1300         0.1190
         3.1400         0.1520
         3.1500         0.1658
         3.1600         0.1576
         3.1700         0.1547
         3.1800         0.1741
         3.1900         0.2008
         3.2000         0.2111
         3.2100         0.2060
         3.2200         0.2076
         3.2300         0.2271
         3.2400         0.2500
         3.2500         0.2581
         3.2600         0.2550
         3.2700         0.2597
         3.2800         0.2792
         3.2900         0.2993
         3.3000         0.3059
         3.3100         0.3043
         3.3200         0.3113
         3.3300         0.3307
         3.3400         0.3488
         3.3500         0.3541
         3.3600         0.3537
         3.3700         0.3626
         3.3800         0.3820
         3.3900         0.3984
         3.4000         0.4026
         3.4100         0.4032
         3.4200         0.4137
         3.4300         0.4332
         3.4400         0.4480
         3.4500         0.4513
         3.4600         0.4528
         3.4700         0.4647
         3.4800         0.4842
         3.4900         0.4976
         3.5000         0.5000
         3.5100         0.5024
         3.5200         0.5158
         3.5300         0.5353
         3.5400         0.5472
         3.5500         0.5487
         3.5600         0.5520
         3.5700         0.5668
         3.5800         0.5863
         3.5900         0.5968
         3.6000         0.5974
         3.6100         0.6016
         3.6200         0.6180
         3.6300         0.6374
         3.6400         0.6463
         3.6500         0.6459
         3.6600         0.6512
         3.6700         0.6693
         3.6800         0.6887
         3.6900         0.6957
         3.7000         0.6941
         3.7100         0.7007
         3.7200         0.7208
         3.7300         0.7403
         3.7400         0.7450
         3.7500         0.7419
         3.7600         0.7500
         3.7700         0.7729
         3.7800         0.7924
         3.7900         0.7940
         3.8000         0.7889
         3.8100         0.7992
         3.8200         0.8259
         3.8300         0.8453
         3.8400         0.8424
         3.8500         0.8342
         3.8600         0.8480
         3.8700         0.8810
         3.8800         0.9003
         3.8900         0.8892
         3.9000         0.8754
         3.9100         0.8961
         3.9200         0.9420
         3.9300         0.9611
         3.9400         0.9301
         3.9500         0.9010
         3.9600         0.9437
         3.9700         1.0384
         3.9800         1.0539
         3.9900         0.8661
         4.0000         0.5000
